93 73 88 63 57 55 79 90 93 69 86 55 80 87 99
61 81 64 93 54 72 78 43 72 63 89 91 49
87 56 41 88 42 97 93 96 62 93 95 68
67 94 63 77 64 57 84 43 95 46 76
42 41 82 88 96 73 96 53 71 46 48
76 97 41 87 68 85 95 84 56 74 86 80 42 69
68 59 88 84 51 43 43 87 66 55 57
72 57 71 77 47 51 57 67 83 74 99 82 71 45 57
72 61 73 44 74 82 90 88 77 69 73
78 83 75 77 83 62 66 75 60 50 70 48 92 70
73 42 43 68 43 94 63 48 43 54 81 87
90 83 61 97 68 80 47 59 81 92 92 87
63 62 87 52 100 58 80 54 75
79 42 83 44 99 73 89 87 69 85 54 96 100
44 57 96 54 58 96 73 56 68 61 57 81
91 100 73 99 45 65 41 83 97 86 77 73 86 78
93 69 80 98 47 56 80 51 44 57
83 46 74 86 54 59 64 52 99 45 66
57 46 80 81 63 65 83 68
52 41 95 95 50 44 69 100 60
89 85 89 51 52 76 59 47 96 91 88 93 78 100
91 60 92 55 99 88 85 81 80 44 70
42 44 91 69 78 99 93 97 65 93 42 56 81
90 84 44 47 90 76 82 67 82 94 90 58 89 63 77
57 47 66 84 48 81 70 72 55 77 94 73 93
99 68 80 56 84 71 57 83 97 87 73
79 47 70 41 98 94 90 67 79 45 86 88 85 70 65
43 53 51 68 58 78 74 59 57 49 50 71
64 86 91 49 87 92 96 49 91 94 74 76 99
79 52 74 56 75 100 68 75 89 55
81 75 48 59 69 97 83 86 60 56
99 68 83 92 46 43 86 100 56 84
41 62 78 46 46 78 77 100 57 79 90 67 48
65 79 45 97 71 96 92 83 55 75
86 83 50 52 52 43 67 97 69 86 49 52 77
99 44 77 51 42 92 66 80 73
80 44 47 52 59 87 47 44 58 46 42 49 90
84 92 65 83 42 68 72 81 65 91 56 57 71 84
42 81 82 91 96 80 100 68 77 48 52 47 76
46 51 47 71 99 42 51 100 88 87 79
51 66 91 79 65 55 72 56 84 92 77
87 65 61 97 74 60 80 61 79 72 93 96 62
58 97 91 95 57 76 67 59 48 99 49 88 48 44 47
88 66 57 77 95 83 60 85
84 89 66 76 68 45 80 78 86 100 75 71 54 68
49 95 54 60 89 97 58 83 45 51 77 63 75
49 74 70 99 55 76 45 78 86 98
80 59 77 99 73 72 49 53 99 73 83 42 90
43 61 55 93 87 62 88 85 76 71 70 47 77 71 44 50
81 65 96 60 70 71 60 67 85 88 41 48 57 80
92 41 62 71 61 45 42 46 75 56 75 47 77
84 58 44 59 93 74 85 69 42 67 65 93
57 71 58 45 61 57 82 70 52 72 59 54 58 50 52 86 97 67 73
84 75 76 49 96 43 61 90 64 66
96 54 50 90 82 67 85 43 58 91 49 63
68 80 83 73 64 86 55 81 57 66
92 76 56 62 44 75 88 80 94 95 70
85 77 68 100 66 84 47 42 82
94 81 69 65 79 47 50 56 85 73 47 43 99 84
72 78 86 92 80 77 79 83 86 97 62
55 82 63 85 87 65 47 96 86 92 92
71 50 64 59 45 98 64 97
50 49 68 69 81 45 66 76 100 70 75 71
81 78 53 61 74 77 83 62 77 74 93 90 68
81 87 43 89 75 64 87 47 78 82 52
49 86 50 57 97 93 85 75 54 65 53 97
73 69 52 74 77 41 48 62 51 45 78 79 74 97 69
42 51 55 84 91 75 93 62 62 48 73 83 98 78
75 63 63 73 86 58 94 77 47 87 85 45 57
82 79 75 69 78 65 44 100 43 44 77 62 66 74 42
50 51 90 50 94 93 43 67 85 84 57 52 83
42 47 99 92 92 67 99 58 48 85 99 77
77 89 90 72 58 81 60 78 80 52 82 100 88
49 52 75 43 73 74 58 83 82 82 43 93 96 59
63 53 46 82 98 41 50 85 65 52 86 45 57 99
100 92 72 45 81 78 72 64 93 41 88 73
73 76 55 79 43 65 66 67 93
61 58 53 76 62 57 82 65 72 41 60 76
81 45 89 52 86 82 85 68 57 55 68 98 67 82
52 49 62 52 50 46 91 98 47 41 90
75 74 57 72 91 81 85 89
87 92 90 82 70 55 68 58 87 85 73 52 48
62 87 51 64 98 75 82 99 51 88 94 95 93 84 60
84 100 84 51 89 63 82 100 92 41
60 72 62 57 100 75 83 63 96 65 72 73
49 65 94 68 55 52 69 98 70
90 46 59 43 51 100 51 93 98 97 66 59 88 78
76 96 55 84 49 91 75 55 54 89 47 95
74 100 67 45 89 88 87 79 52 72 47
82 48 88 79 63 77 61 72 84 69 43 49 88 64 87
58 67 58 63 97 54 70 70 96 72 98 95 88 64
53 89 89 61 82 77 57 52 67 71 75 56
97 84 57 84 41 64 55 64 100 49 72 77 94 98
89 91 82 72 61 99 92 91 94 72
86 61 86 89 42 65 96 81
69 92 69 85 77 59 52 88 58 52 64 50
89 87 56 68 60 91 41 95 100 52 75 99
100 47 81 45 71 66 48 58 67 47 73 100 94
54 66 82 51 54 58 70 41 96 44
41 85 64 73 81 89 96 90 53 45 58 96 87
